Brute:
16: 0.000562 0.000556 0.000580
81: 0.026036 0.016217 0.015582
169: 0.091161 0.053717 0.057676
256: 0.196240 0.108791 0.116618
400: 0.351551 0.347959 0.350274

Recursive:
16: 0.000054 0.000147 0.000068
81: 0.001020 0.000852 0.000974
169: 0.002058 0.001951 0.001937
256: 0.003420 0.004276 0.005183
400: 0.007435 0.007377 0.005487

BFS:
16: 0.000153 0.000170 0.000142
81: 0.001386 0.001139 0.001191
169: 0.002718 0.002360 0.002906
256: 0.004842 0.004916 0.004456
400: 0.009837 0.010536 0.011439

Dimension Order Pipeline:
16: 0.000132 0.000118 0.000163
81: 0.000784 0.000983 0.000782
169: 0.001568 0.002201 0.002231
256: 0.005086 0.004441 0.003780
400: 0.006336 0.005115 0.007182

SQRT:
16: 0.000048 0.000066 0.000077
81: 0.000853 0.001019 0.000954
169: 0.001612 0.001500 0.001298
256: 0.001793 0.001679 0.001766
400: 0.002992 0.003191 0.002976
