Brute:
27: 0.000772 0.000808 0.000829
64: 0.008121 0.009205 0.009723
216: 0.097368 0.079275 0.113149
343: 0.169521 0.187833 0.194047
729: 1.902385 2.013138 1.690896

BFS:
27: 0.000216 0.000202 0.000208
64: 0.001054 0.001084 0.001467
216: 0.005084 0.012375 0.004484
343: 0.011286 0.007126 0.007930
729: 0.024641 0.039166 0.022099

Recursive:
27: 0.000138 0.000114 0.000158
64: 0.000644 0.000655 0.000862
216: 0.002942 0.003102 0.002956
343: 0.005978 0.006415 0.007700
729: 0.012365 0.021108 0.019706

Dimension Order Pipeline:
27: 0.000091 0.000092 0.000085
64: 0.000798 0.000443 0.000386
216: 0.010049 0.002855 0.002999
343: 0.005212 0.003757 0.005099
729: 0.022426 0.012818 0.015339

SQRT:
27: 0.000206 0.000274 0.000233
64: 0.000600 0.000565 0.000659
216: 0.002881 0.002834 0.002629
343: 0.005686 0.004387 0.007421
729: 0.022797 0.043773 0.012430
